"pair_id"	"region"	"pos"	"donor_freq"	"recip_freq"
1	"HA"	628	0.00897106	0
1	"M"	84	0.00628619	0
1	"NP"	1362	0.01127655	0
1	"NP"	1529	0.005851605	0
1	"NS"	289	0.01372645	0
1	"PA"	1013	0.00866167	0
1	"PA"	159	0.008355265	0
1	"PA"	1612	0.01151525	0
1	"PA"	1924	0.01722415	0
1	"PB1"	2052	0.00807319	0
1	"PB1"	2110	0.0508213	0
1	"PB2"	1677	0.00604173	0
1	"PB2"	2146	0.02359875	0
1	"PB2"	2150	0.02429525	0
1	"M"	854	0	0.02124195
1	"NA_"	1162	0	0.0184306
1	"NA_"	245	0	0.02724075
1	"NA_"	843	0	0.1511095
1	"NA_"	950	0	0.01021867
1	"NP"	52	0	0.007074215
1	"PA"	1220	0	0.0974758
1	"PA"	1611	0	0.006204925
1	"PA"	1923	0	0.03026425
1	"PA"	2130	0	0.02699435
1	"PB1"	1368	0	0.00652071
1	"PB1"	1463	0	0.0207462
1	"PB1"	402	0	0.0341425
1	"PB1"	428	0	0.2389195
1	"PB2"	1384	0	0.006602995
1	"PB2"	1947	0	0.0314713
1	"PB2"	602	0	0.01006365
1	"M"	31	0	0.0078888
2	"M"	997	0.00620764	0.00739651
2	"PA"	2010	0.009297775	0
2	"PA"	404	0.00736451	0
2	"PB1"	1073	0.1080855	1
2	"PB2"	821	0.02203235	0
2	"HA"	91	0	0.1485055
2	"M"	379	0	0.01203435
2	"M"	589	0	0.0153736
2	"NP"	377	0	0.006649825
2	"NP"	934	0	0.0176471
2	"NS"	389	0	0.00832679
2	"NS"	789	0	0.1168635
2	"PA"	1392	0	0.134849
2	"PB1"	1733	0	0.00818556
2	"PB1"	1767	0	0.009029195
2	"PB2"	2048	0	0.0182133
2	"NS"	696	0	0.08551145
2	"PB1"	369	0	0.01256665
3	"M"	997	0.00620764	0.00616173
3	"PA"	2010	0.009297775	0
3	"PA"	404	0.00736451	0
3	"PB1"	1073	0.1080855	1
3	"PB2"	821	0.02203235	0
3	"HA"	1328	0	0.0207945
3	"HA"	526	0	0.03819055
3	"HA"	858	0	0.0134808
3	"HA"	872	0	0.01350395
3	"NA_"	1066	0	0.01361865
3	"NA_"	1311	0	0.00749429
3	"NA_"	53	0	0.00790001
3	"NP"	943	0	0.006954925
3	"NS"	66	0	0.008823135
3	"PA"	409	0	0.00793186
3	"PB2"	1106	0	0.02499165
3	"PB2"	1386	0	0.005433605
3	"PB2"	2290	0	0.00655464
3	"PB2"	462	0	0.207709
3	"PB1"	239	0	0.00976444
4	"HA"	91	0.1485055	0
4	"M"	379	0.01203435	0
4	"M"	589	0.0153736	0
4	"M"	997	0.00739651	0.00620764
4	"NP"	377	0.006649825	0
4	"NP"	934	0.0176471	0
4	"NS"	389	0.00832679	0
4	"NS"	789	0.1168635	0
4	"PA"	1392	0.134849	0
4	"PB1"	1733	0.00818556	0
4	"PB1"	1767	0.009029195	0
4	"PB2"	2048	0.0182133	0
4	"NS"	696	0.08551145	0
4	"PB1"	369	0.01256665	0
4	"PA"	2010	0	0.009297775
4	"PA"	404	0	0.00736451
4	"PB1"	1073	1	0.1080855
4	"PB2"	821	0	0.02203235
5	"HA"	91	0.1485055	0
5	"M"	379	0.01203435	0
5	"M"	589	0.0153736	0
5	"M"	997	0.00739651	0.00616173
5	"NP"	377	0.006649825	0
5	"NP"	934	0.0176471	0
5	"NS"	389	0.00832679	0
5	"NS"	789	0.1168635	0
5	"PA"	1392	0.134849	0
5	"PB1"	1733	0.00818556	0
5	"PB1"	1767	0.009029195	0
5	"PB2"	2048	0.0182133	0
5	"NS"	696	0.08551145	0
5	"PB1"	369	0.01256665	0
5	"HA"	1328	0	0.0207945
5	"HA"	526	0	0.03819055
5	"HA"	858	0	0.0134808
5	"HA"	872	0	0.01350395
5	"NA_"	1066	0	0.01361865
5	"NA_"	1311	0	0.00749429
5	"NA_"	53	0	0.00790001
5	"NP"	943	0	0.006954925
5	"NS"	66	0	0.008823135
5	"PA"	409	0	0.00793186
5	"PB2"	1106	0	0.02499165
5	"PB2"	1386	0	0.005433605
5	"PB2"	2290	0	0.00655464
5	"PB2"	462	0	0.207709
5	"PB1"	239	0	0.00976444
6	"HA"	1328	0.0207945	0
6	"HA"	526	0.03819055	0
6	"HA"	858	0.0134808	0
6	"HA"	872	0.01350395	0
6	"M"	997	0.00616173	0.00739651
6	"NA_"	1066	0.01361865	0
6	"NA_"	1311	0.00749429	0
6	"NA_"	53	0.00790001	0
6	"NP"	943	0.006954925	0
6	"NS"	66	0.008823135	0
6	"PA"	409	0.00793186	0
6	"PB2"	1106	0.02499165	0
6	"PB2"	1386	0.005433605	0
6	"PB2"	2290	0.00655464	0
6	"PB2"	462	0.207709	0
6	"PB1"	239	0.00976444	0
6	"HA"	91	0	0.1485055
6	"M"	379	0	0.01203435
6	"M"	589	0	0.0153736
6	"NP"	377	0	0.006649825
6	"NP"	934	0	0.0176471
6	"NS"	389	0	0.00832679
6	"NS"	789	0	0.1168635
6	"PA"	1392	0	0.134849
6	"PB1"	1733	0	0.00818556
6	"PB1"	1767	0	0.009029195
6	"PB2"	2048	0	0.0182133
6	"NS"	696	0	0.08551145
6	"PB1"	369	0	0.01256665
7	"HA"	1328	0.0207945	0
7	"HA"	526	0.03819055	0
7	"HA"	858	0.0134808	0
7	"HA"	872	0.01350395	0
7	"M"	997	0.00616173	0.00620764
7	"NA_"	1066	0.01361865	0
7	"NA_"	1311	0.00749429	0
7	"NA_"	53	0.00790001	0
7	"NP"	943	0.006954925	0
7	"NS"	66	0.008823135	0
7	"PA"	409	0.00793186	0
7	"PB2"	1106	0.02499165	0
7	"PB2"	1386	0.005433605	0
7	"PB2"	2290	0.00655464	0
7	"PB2"	462	0.207709	0
7	"PB1"	239	0.00976444	0
7	"PA"	2010	0	0.009297775
7	"PA"	404	0	0.00736451
7	"PB1"	1073	1	0.1080855
7	"PB2"	821	0	0.02203235
8	"M"	850	0.005472665	0
8	"NA_"	554	0.00662244	0
8	"PA"	1077	0.02054865	0
8	"PA"	2037	0.00562392	0
8	"PB2"	2145	0.007238015	0
8	"PB2"	246	0.00623899	0
8	"HA"	526	0	0.008860085
8	"M"	870	0	0.007724965
8	"NA_"	762	0	0.007819225
8	"PB2"	50	0	0.03038295
8	"PB2"	522	0	0.007396105
9	"HA"	39	0.2266655	1
9	"PB2"	331	0.01505465	0
9	"HA"	855	0	0.008608255
9	"NA_"	285	0	0.01477807
9	"NA_"	70	0	0.009769805
10	"HA"	1498	0.007142625	0
10	"HA"	564	0.4612425	0
10	"HA"	66	0.01072446	0
10	"M"	685	0.00940487	0
10	"M"	997	0.00726364	0
10	"NA_"	1366	0.02210765	0
10	"NP"	1094	0.0057478	0
10	"NS"	286	0.00875166	0
10	"NS"	447	0.005708755	0
10	"PA"	1801	0.0082801	0
10	"PA"	1803	0.008038355	0
10	"PA"	1809	0.130515	0
10	"PA"	1819	0.016649	0
10	"PA"	1822	0.005425755	0
10	"PA"	281	0.01926165	0
10	"PA"	320	0.00688395	0
10	"PA"	416	0.00753052	0
10	"PA"	532	0.1022248	0
10	"PB1"	1008	0.009212805	0
10	"PB1"	1392	0.009678235	0
10	"PB1"	2049	0.07241995	0
10	"PB1"	495	0.0583498	0
10	"PB2"	2064	0.01458955	0
10	"PB2"	494	0.01143061	0
10	"PB2"	759	0.01103857	0
10	"NS"	56	0.005947315	0
10	"HA"	686	0	0.1824705
10	"M"	607	0	0.0346557
10	"M"	802	0	0.00783005
10	"NA_"	710	0	0.0195665
10	"NP"	1084	0	0.059611
10	"NP"	377	0	0.0093664
10	"PA"	1987	0	0.0231672
10	"PB2"	2037	1	0.03969795
10	"PB2"	242	0	0.009716955
10	"PB2"	246	0	0.009946625
11	"M"	997	0.005964295	0
11	"NA_"	1180	0.02057775	0
11	"PA"	113	0.01244995	0
11	"PA"	120	0.01311055	0
11	"PA"	128	0.01451625	0
11	"PA"	35	0.0170478	0
11	"PA"	94	0.01341445	0
11	"NP"	1196	0	0.01170529
11	"NP"	184	0	0.00890382
11	"NP"	347	0	0.00853604
11	"NP"	358	0	0.01062945
11	"NP"	377	0	0.009591745
11	"NS"	819	0	0.01203879
11	"PA"	1722	0	0.0201963
11	"PA"	261	0	0.00911171
11	"PA"	552	0	0.010116485
11	"PB2"	1954	1	0.2204175
11	"PB2"	212	0	0.04655785
11	"PB2"	242	0	0.0120836
11	"PB2"	246	0	0.01157875
12	"HA"	1212	0.0098743	0
12	"HA"	665	0.3656575	1
12	"NP"	377	0.00877111	0
12	"NP"	868	0.00652984	0
12	"PA"	1231	0.00913611	0
12	"PB2"	242	0.00995568	0
12	"PB2"	246	0.009813495	0
12	"PB2"	771	0.008683855	0
12	"PB2"	905	0.1138413	0
12	"NS"	241	0	0.009539235
13	"NA_"	1013	0.1404239	0
13	"NA_"	418	0.13044605	0
13	"M"	952	0	0.03179465
13	"NA_"	1121	0	0.01122969
13	"NP"	301	0	0.0160041
13	"PA"	1938	0	0.0562828
13	"PA"	243	0	0.18567
13	"PB1"	2068	0	0.0417486
13	"PB2"	1840	0	0.00942175
13	"PB2"	1886	0	0.0285548
13	"PB2"	1977	0	0.0458815
13	"PB2"	2035	0	0.07326595
13	"PB2"	242	0	0.005637535
13	"PB2"	334	0	0.11507
13	"PB2"	561	0	0.1357325
13	"PB1"	159	0	0.007718415
14	"NA_"	524	0.0161838	0
14	"PB1"	1895	0.02095905	0.0351704
14	"NS"	672	0.421819	0.07969775
14	"NS"	297	0	0.007552075
14	"PA"	2012	0	0.006419585
14	"PA"	363	0	0.01162285
14	"PB1"	2027	0	0.00676143
15	"HA"	1454	0.13121645	0
15	"HA"	647	0.012881215	0
15	"HA"	758	0.14437935	0
15	"M"	982	0.00988647	0
15	"NA_"	475	0.00696456	0
15	"NA_"	787	0.006197965	0
15	"NA_"	868	0.007107735	1
15	"PA"	1926	0.008770895	0
15	"PA"	323	0.09196025	0
15	"PB2"	636	0.0170082	0
15	"HA"	1118	0	0.00688135
15	"HA"	459	0	0.249986
15	"M"	576	0	0.067628
15	"NA_"	388	0	0.0060477
15	"NA_"	604	0	0.01535515
15	"NS"	456	0	0.1430785
15	"PA"	1729	0	0.1012127
15	"PB1"	2031	0	0.02186165
15	"PB1"	63	0	0.00971111
15	"PB1"	707	0	0.01221205
15	"PB2"	68	0	0.0148421
16	"M"	875	0.006058525	0
16	"NA_"	427	0.019567965	0
16	"NA_"	494	0.02173187	0
16	"NA_"	718	0.0280281	0
16	"NP"	223	0.017136535	1
16	"NP"	328	0.014801765	0
16	"NP"	377	0.009443915	0
16	"NP"	982	0.016714565	0
16	"NS"	192	0.00846386	0
16	"PA"	1101	0.0170809	0
16	"PB1"	547	0.016922165	0
16	"PB1"	656	0.02855685	0
16	"PB2"	1224	0.01749195	0
16	"NS"	703	0.0142274	0
16	"NA_"	209	0	0.03910465
16	"PA"	1652	0	0.007158065
16	"PB1"	589	0	0.006998065
17	"M"	625	0.25045	0
17	"M"	893	0.00794197	0
17	"NP"	377	0.006624375	0
17	"PB1"	2248	0.013418445	0
17	"PB2"	242	0.01156815	0
17	"PB1"	206	0.02123215	0
17	"HA"	1349	0	0.0363631
17	"NA_"	1194	0	0.0136167
17	"NP"	1156	0	0.0945581
17	"NP"	1447	0	0.0517124
17	"M"	780	0	0.02424255
18	"M"	904	0.012136745	0
18	"NA_"	795	0.0170356	0
18	"NP"	1000	0.06476375	0
18	"NP"	377	0.00946277	0
18	"NP"	814	0.00672255	0
18	"NP"	912	0.00547334	0
18	"PB1"	2085	0.0089483	0
18	"PB2"	1134	0.007822615	0
18	"PB2"	1378	0.00989396	0
18	"PB2"	2232	0.0264365	0
18	"PB2"	552	0.0163926	0
18	"PB2"	596	0.02497755	0
18	"PB1"	372	0.0162572	0
18	NA	NA	NA	NA
19	"NA_"	1312	0.0237334	0
19	"NP"	429	0.006404715	0
19	"PA"	199	0.02153845	0
19	"PA"	468	0.0226764	0
19	"PB1"	657	0.0522063	0
19	"PB2"	286	0.0233035	0
19	"NP"	428	0	0.01492555
19	"PA"	156	0	0.00743084
19	"PA"	1940	0	0.020955545
19	"PA"	2025	0	0.03973045
19	"PA"	267	0	0.0164982
19	"PB1"	1141	0	0.0241414
19	"PB2"	2052	0	0.02875344
19	"PB2"	419	0	0.0345665
20	"HA"	1103	0.00681836	0
20	"HA"	219	0.006763925	0
20	"HA"	626	0.01199595	0
20	"HA"	628	0.0140153	0.0133591
20	"HA"	836	0.03330645	0
20	"NA_"	169	0.007890995	0
20	"NA_"	52	0.0157026	0
20	"NA_"	569	0.02621565	0
20	"NP"	543	0.01303335	0
20	"PA"	193	0.02512435	0
20	"PB1"	2031	0.0446437	0
20	"PB1"	2169	0.00884768	0
20	"PB1"	284	0.007768115	0
20	"PB2"	2067	0.00747884	0
20	"PB2"	2071	0.01119785	0
20	"PB2"	242	0.01258575	0
20	"HA"	1301	0	0.010520705
20	"HA"	791	0	0.01154955
20	"NA_"	276	0	0.006590135
20	"NA_"	58	0	0.02295025
20	"NS"	435	0	0.0160467
20	"PA"	1414	0	0.0145035
20	"PA"	848	0	0.010106735
20	"PB1"	2256	0	0.0065721
20	"NS"	597	0	0.0116775
21	"HA"	1354	0.07123585	1
21	"HA"	582	0.016634075	0
21	"M"	321	0.007048045	0
21	"M"	517	0.008904615	0
21	"NA_"	102	0.0345463	0
21	"NA_"	459	0.02712015	0
21	"NP"	377	0.00850671	0
21	"NP"	899	0.07588545	0
21	"PA"	1101	0.3092785	0
21	"PA"	1704	0.0416315	0
21	"PB1"	1385	0.0236965	0
21	"PB1"	1386	0.465736	0
21	"PB2"	242	0.013040175	0
21	"PB2"	246	0.0123144	0
21	"PB2"	249	0.009616585	0
21	"HA"	1623	0	0.0297763
21	"HA"	500	0	0.0225408
21	"HA"	799	0	0.00916162
21	"M"	547	0	0.01594715
21	"NA_"	399	0	0.009453925
21	"NA_"	83	0	0.0072365
21	"PB2"	891	0	0.0322394
22	"HA"	1334	0.0115696	0
22	"HA"	225	0.006521455	0
22	"HA"	49	0.0159675	0
22	"NA_"	901	0.0192036	0
22	"NP"	377	0.00940031	0
22	"PA"	302	0.005597855	0
22	"PB2"	242	0.00738771	0
22	"PB2"	246	0.009202545	0
22	"PB2"	915	0.0649125	0
22	"PA"	330	0	0.03296695
22	"PA"	435	0	0.01891715
22	"PA"	438	0	0.0194614
22	"PB1"	1802	0	0.010474785
22	"PB1"	51	0	0.050281
22	"PB2"	1699	0	0.0220583
22	"PB2"	1933	0	0.013631225
23	"M"	504	0.00880932	0
23	"M"	997	0.00772609	0
23	"NP"	271	0.01072168	0
23	"NP"	377	0.00775037	0
23	"PA"	1503	0.008695695	0
23	"NA_"	1208	0	0.177581
23	"NP"	1105	0	0.010400095
23	"NP"	493	0	0.007225795
23	"PB2"	102	0	0.0768375
24	"HA"	628	0.009692935	0
24	"HA"	754	0.012785025	0
24	"NA_"	282	0.00906403	0
24	"PA"	1502	0.03981725	0.0205091
24	"PA"	1616	0.0319428	0
24	"PA"	1969	NA	NA
24	"PB1"	537	0.02973745	0
24	"PB1"	548	0.0211959	0
24	"PB1"	859	0.01790765	0
24	"PB2"	170	0.009827485	0
24	"PB2"	42	0.03212875	0
24	"PB2"	945	0.008077735	0
24	"HA"	1205	0	0.012927
24	"NA_"	1097	0	0.0188809
24	"NA_"	486	0	0.00651267
24	"NP"	687	0	0.0067464
24	"NS"	374	1	0.110564
24	"PA"	168	0	0.2534435
24	"PA"	1945	0	0.03870095
24	"PA"	1946	0	0.03966445
24	"PA"	1948	0	0.035868
24	"PA"	1949	0	0.03519515
24	"PA"	1954	0	0.03372605
24	"PA"	1957	0	0.03721745
24	"PA"	1959	0	0.0429991
24	"PA"	1964	0	0.04374795
24	"PA"	1965	0	0.0406441
24	"PA"	1966	0	0.0428634
24	"PA"	801	0	0.009975155
24	"PB1"	2091	0	0.09616355
24	"PB1"	590	0	0.009637535
24	"PB2"	1623	0	0.008783655
24	"NS"	585	0	0.01402145
24	"NS"	603	0	0.01104965
25	"HA"	1205	0.012927	0
25	"NA_"	1097	0.0188809	0
25	"NA_"	486	0.00651267	0
25	"NP"	687	0.0067464	0
25	"NS"	374	0.110564	1
25	"PA"	1502	0.0205091	0.03981725
25	"PA"	168	0.2534435	0
25	"PA"	1945	0.03870095	0
25	"PA"	1946	0.03966445	0
25	"PA"	1948	0.035868	0
25	"PA"	1949	0.03519515	0
25	"PA"	1954	0.03372605	0
25	"PA"	1957	0.03721745	0
25	"PA"	1959	0.0429991	0
25	"PA"	1964	0.04374795	0
25	"PA"	1965	0.0406441	0
25	"PA"	1966	0.0428634	0
25	"PA"	1969	NA	NA
25	"PA"	801	0.009975155	0
25	"PB1"	2091	0.09616355	0
25	"PB1"	590	0.009637535	0
25	"PB2"	1623	0.008783655	0
25	"NS"	585	0.01402145	0
25	"NS"	603	0.01104965	0
25	"HA"	628	0	0.009692935
25	"HA"	754	0	0.012785025
25	"NA_"	282	0	0.00906403
25	"PA"	1616	0	0.0319428
25	"PB1"	537	0	0.02973745
25	"PB1"	548	0	0.0211959
25	"PB1"	859	0	0.01790765
25	"PB2"	170	0	0.009827485
25	"PB2"	42	0	0.03212875
25	"PB2"	945	0	0.008077735
26	"HA"	628	0.0189391	0
26	"HA"	754	0.01512695	0.01600575
26	"NA_"	257	0.0315632	0
26	"NA_"	307	0.02627495	0
26	"NS"	380	0.01730055	0
26	"NS"	528	0.0140544	0
26	"PA"	1502	0.04336925	0.02123285
26	"PB1"	859	0.01890835	0
26	"M"	607	0	0.0311289
26	"PB2"	217	0	0.008763765
26	"NS"	675	0	0.257109
27	"HA"	628	0.007414315	0.008896195
27	"HA"	789	0.01016202	0
27	"HA"	884	0.0282098	0
27	"NA_"	443	0.01166044	0.02748845
27	"NP"	1162	0.02636525	0
27	"PA"	1218	0.006037305	0
27	"PA"	1502	0.0147529	0.02057045
27	"PA"	1677	0.01423435	0
27	"PA"	1743	0.01264055	0
27	"PA"	1844	0.02399815	0.02369925
27	"PA"	258	0.0076644	0
27	"PA"	557	0.009573315	0
27	"PA"	558	0.009978395	0
27	"PA"	562	0.006513635	0
27	"PB1"	184	0.006388465	0
27	"PB1"	1980	0.03925875	0
27	"PB1"	2063	0.01316625	0
27	"PB1"	2192	0.00704061	0
27	"PB1"	602	0.006937745	0
27	"PB2"	1368	0.0110834	0
27	"PB2"	1440	0.01118415	0
27	"PB2"	1650	0.0106271	0
27	"PB2"	193	0.43673	0.03880805
27	"PB2"	2306	0.01657455	0
27	"PB2"	232	0.01578775	0
27	"HA"	101	0	0.01141582
27	"HA"	1255	0	0.007638365
27	"HA"	224	0	0.02181565
27	"PB2"	1137	0	0.01163997
27	"PB2"	1759	0	0.0730033
27	"PB2"	1840	0	0.0400081
28	"NA_"	283	0.04341885	0
28	"NA_"	459	0.00958956	0
28	"NA_"	987	0.03898075	0
28	"NP"	150	0.3068525	0
28	"PA"	1502	0.06587625	0.04427125
28	"PA"	575	0.008468995	0
28	"PA"	577	0.01007622	0
28	"PB2"	2037	0	0.01430418
29	"HA"	482	0.0199772	0
29	"HA"	628	0.009533305	0.007485285
29	"M"	148	0.013025	0
29	"M"	283	0.005706805	0
29	"NP"	707	0.0143884	0
29	"NS"	315	0.0138147	0
29	"NS"	379	0.02042305	0
29	"PA"	1502	0.01810275	0.04568765
29	"PA"	1903	0.01142879	0
29	"PA"	229	0.00952727	0
29	"PA"	231	0.0079462	0
29	"PB1"	144	0.01218122	0
29	"PB1"	2230	0.009723605	0
29	"PB1"	2234	0.006564775	0
29	"PB1"	2235	0.00650912	0
29	"PB2"	1341	0.0239909	0
29	"PB2"	2058	0.01407155	0
29	"NA_"	599	0	0.02281005
29	"PB1"	2144	0	0.007220735
29	"PB1"	2279	0	0.006323885
29	"PB1"	859	0	0.010665275
29	"PB2"	1999	0	0.01389445
29	"PB2"	482	0	0.07943135
29	"PB2"	737	0	0.01458655
30	"HA"	482	0.0199772	0
30	"HA"	628	0.009533305	0
30	"M"	148	0.013025	0
30	"M"	283	0.005706805	0
30	"NP"	707	0.0143884	0
30	"NS"	315	0.0138147	0
30	"NS"	379	0.02042305	0
30	"PA"	1502	0.01810275	0.04039525
30	"PA"	1903	0.01142879	0
30	"PA"	229	0.00952727	0
30	"PA"	231	0.0079462	0
30	"PB1"	144	0.01218122	0
30	"PB1"	2230	0.009723605	0
30	"PB1"	2234	0.006564775	0
30	"PB1"	2235	0.00650912	0
30	"PB2"	1341	0.0239909	0
30	"PB2"	2058	0.01407155	0
30	"HA"	754	0	0.014101015
30	"PB1"	859	0	0.0187382
30	"NS"	47	0	0.00952562
31	"HA"	1442	0.01338745	0
31	"HA"	628	0.011631205	0.0122758
31	"NS"	831	0.005999695	0
31	"PA"	1276	0.0298877	0
31	"PA"	1502	0.02493365	0.011539725
31	"PB2"	1686	0.006434465	0
31	"PB2"	341	0.2858605	0
31	"HA"	1190	0	0.0102583
31	"NP"	1419	0	0.00640267
31	"NS"	291	0	0.016424
31	"PA"	1239	0	0.01170065
31	"PA"	1858	0	0.007817895
31	"PB1"	426	0	0.4018755
31	"PB1"	90	1	0.0394476
31	"PB2"	2211	0	0.00616428
31	"PB2"	770	0	0.00545927
32	"HA"	1442	0.01338745	0
32	"HA"	628	0.011631205	0.01489205
32	"NS"	831	0.005999695	0
32	"PA"	1276	0.0298877	0
32	"PA"	1502	0.02493365	0.02615795
32	"PB2"	1686	0.006434465	0
32	"PB2"	341	0.2858605	0
32	"HA"	754	0	0.00803293
32	"PA"	1858	0	0.0282259
32	"PB1"	426	0	0.2515965
32	"PB1"	90	1	0.0570957
33	"HA"	754	0.028971	0.0106355
33	"PA"	1502	0.03641095	0.0508394
33	"HA"	594	0	0.01396446
33	"M"	428	0	0.005249955
33	"M"	894	0	0.005803175
33	"NA_"	135	0	0.0116009
33	"PB2"	1188	0	0.038034
34	"HA"	628	0.01756765	0.0155843
34	"HA"	754	0.012473765	0
34	"NA_"	755	0.160489	0
34	"NA_"	774	0.00829777	0
34	"PA"	1502	0.08336215	0
34	"PB1"	859	0.01018853	0
34	"HA"	1512	0	0.0298362
34	"HA"	1518	0	0.0419728
34	"NS"	389	0	0.02208335
34	"PB1"	2110	0	0.0151203
35	"HA"	153	0.005395595	0
35	"HA"	628	0.01238789	0.0133204
35	"M"	331	0.319966	1
35	"M"	64	0.00734259	0
35	"NA_"	1232	0.0160418	0
35	"PA"	1494	0.0151143	0
35	"PA"	1677	0.0106238	0
35	"PB1"	1549	0.0124951	0
35	"PB1"	591	0.011491155	0
35	"PB1"	615	0.0148983	0
35	"PB1"	810	0.0986131	0
35	"PB1"	815	0.0378476	0
35	"PB2"	1251	0.00796668	0
35	"PB2"	2238	0.157101	0
35	"PB1"	362	0	0.10579255
35	"PB2"	1827	0	0.0256726
36	"HA"	477	0.1145025	0
36	"HA"	830	0.009484795	0
36	"M"	556	0.0092014	0
36	"NA_"	843	0.014256	1
36	"NS"	401	0.149853	0
36	"PA"	2038	0.005668035	0
36	"PA"	295	0.022143	0
36	"PB2"	1710	0.008989485	0
36	"NA_"	154	0	0.0337184
36	"NP"	1094	1	0.41088
36	"NS"	687	0	0.008985635
36	"PA"	1450	0	0.3949525
36	"PB1"	281	0	0.0103078
36	"PB1"	567	0	0.01286065
36	"PB2"	622	1	0.4410505
36	"PB2"	723	0	0.00601473
37	"HA"	1178	0.02326775	0
37	"HA"	419	0.0080123	0
37	"HA"	537	0.0139582	0
37	"HA"	628	0.01126705	0.01472145
37	"HA"	753	0.02292965	0
37	"HA"	777	0.01219435	0
37	"M"	499	0.0111231	0
37	"M"	611	0.00828292	0
37	"NA_"	366	0.0112378	0
37	"NP"	1335	0.27732	1
37	"NP"	145	0.0191964	0
37	"NP"	552	0.016465	0
37	"NP"	92	0.00583949	0
37	"NP"	924	0.007553815	0
37	"NS"	744	0.00770759	0
37	"PA"	1030	0.00606525	0
37	"PA"	1635	0.0271441	0
37	"PA"	1828	0.01610185	0
37	"PA"	567	0.0392066	0
37	"PA"	606	0.011051275	0
37	"PA"	786	0.00722518	0
37	"PB1"	1194	0.02586205	0
37	"PB1"	1344	0.00967416	0
37	"PB1"	1430	0.1223447	0
37	"PB1"	573	0.00893094	0
37	"PB1"	574	0.02776565	0
37	"PB1"	60	0.0131976	0
37	"PB1"	611	0.08112755	0
37	"PB1"	613	0.08685485	0
37	"PB2"	1199	0.0139447	0
37	"PB2"	1377	0.01375085	0
37	"PB2"	295	0.3595145	0
37	"PB2"	421	0.0355158	0
37	"NP"	1351	0	0.006480785
37	"PA"	1818	0	0.1536685
37	"PA"	1844	0	0.01884165
37	"PA"	233	0	0.01787435
37	"PA"	234	0	0.0176586
37	"PA"	542	0	0.01898665
37	"PA"	639	0	0.00845012
37	"PB2"	2223	0	0.0183102
38	"HA"	1178	0.02326775	0
38	"HA"	419	0.0080123	0
38	"HA"	537	0.0139582	0
38	"HA"	628	0.01126705	0.01289855
38	"HA"	753	0.02292965	0
38	"HA"	777	0.01219435	0
38	"M"	499	0.0111231	0
38	"M"	611	0.00828292	0
38	"NA_"	366	0.0112378	0
38	"NP"	1335	0.27732	1
38	"NP"	145	0.0191964	0
38	"NP"	552	0.016465	0
38	"NP"	92	0.00583949	0
38	"NP"	924	0.007553815	0
38	"NS"	744	0.00770759	0
38	"PA"	1030	0.00606525	0
38	"PA"	1635	0.0271441	0
38	"PA"	1828	0.01610185	0
38	"PA"	567	0.0392066	0
38	"PA"	606	0.011051275	0
38	"PA"	786	0.00722518	0
38	"PB1"	1194	0.02586205	0
38	"PB1"	1344	0.00967416	0
38	"PB1"	1430	0.1223447	0
38	"PB1"	573	0.00893094	0
38	"PB1"	574	0.02776565	0
38	"PB1"	60	0.0131976	0
38	"PB1"	611	0.08112755	0
38	"PB1"	613	0.08685485	0
38	"PB2"	1199	0.0139447	0
38	"PB2"	1377	0.01375085	0
38	"PB2"	295	0.3595145	0
38	"PB2"	421	0.0355158	0
38	"HA"	1250	0	0.00604363
38	"HA"	872	0	0.0168697
38	"NA_"	1262	0	0.02046835
38	"NA_"	258	0	0.01976525
38	"NP"	1245	0	0.0224043
38	"NP"	1359	0	0.010163475
38	"NP"	146	0	0.0658444
38	"NP"	1534	0	0.0177325
38	"NP"	194	0	0.03896815
38	"NP"	300	0	0.0404291
38	"NP"	351	0	0.00783795
38	"NP"	892	0	0.03227345
38	"NS"	320	0	0.00807648
38	"PA"	103	0	0.009046575
38	"PA"	1399	0	0.0257051
38	"PA"	165	0	0.012091605
38	"PA"	1832	0	0.008028745
38	"PA"	1962	0	0.00934395
38	"PA"	2092	0	0.04354215
38	"PA"	2104	0	0.00565211
38	"PA"	703	0	0.0224197
38	"PA"	746	0	0.0468423
38	"PB1"	1463	0	0.0194588
38	"PB1"	1665	0	0.00882251
38	"PB1"	1998	0	0.0139916
38	"PB1"	269	0	0.01011888
38	"PB1"	567	0	0.01051615
38	"PB1"	675	0	0.0449742
38	"PB2"	1133	0	0.0136896
38	"PB2"	1227	0	0.0387693
38	"PB2"	1416	0	0.00977462
38	"PB2"	1599	0	0.0135479
38	"PB2"	1798	0	0.00629827
38	"PB2"	729	0	0.010197165
38	"PB2"	921	0	0.01442815
39	"HA"	1178	0.02326775	0
39	"HA"	419	0.0080123	0
39	"HA"	537	0.0139582	0
39	"HA"	628	0.01126705	0.014862
39	"HA"	753	0.02292965	0
39	"HA"	777	0.01219435	0
39	"M"	499	0.0111231	0
39	"M"	611	0.00828292	0
39	"NA_"	366	0.0112378	0
39	"NP"	1335	0.27732	1
39	"NP"	145	0.0191964	0
39	"NP"	552	0.016465	0
39	"NP"	92	0.00583949	0
39	"NP"	924	0.007553815	0
39	"NS"	744	0.00770759	0
39	"PA"	1030	0.00606525	0
39	"PA"	1635	0.0271441	0
39	"PA"	1828	0.01610185	0
39	"PA"	567	0.0392066	0
39	"PA"	606	0.011051275	0
39	"PA"	786	0.00722518	0
39	"PB1"	1194	0.02586205	0
39	"PB1"	1344	0.00967416	0
39	"PB1"	1430	0.1223447	0
39	"PB1"	573	0.00893094	0
39	"PB1"	574	0.02776565	0
39	"PB1"	60	0.0131976	0
39	"PB1"	611	0.08112755	0
39	"PB1"	613	0.08685485	0
39	"PB2"	1199	0.0139447	0
39	"PB2"	1377	0.01375085	0
39	"PB2"	295	0.3595145	0
39	"PB2"	421	0.0355158	0
39	"M"	139	0	0.07115735
39	"M"	951	0	0.0122654
39	"NA_"	1204	0	0.0263533
39	"NA_"	766	0	0.00757731
39	"NP"	1169	0	0.03090715
39	"NP"	199	0	0.3557925
39	"NP"	645	0	0.08028165
39	"PA"	1504	0	0.01319775
39	"PA"	1677	0	0.007919275
39	"PA"	1770	0	0.350054
39	"PA"	510	0	0.037669
39	"PB1"	1826	0	0.01130775
39	"PB1"	1966	0	0.01349115
39	"PB1"	2081	0	0.03073395
39	"PB1"	592	0	0.02157965
39	"PB2"	451	0	0.017475
39	"PB2"	912	0	0.00853421
40	"HA"	897	0.006454245	0
40	"PA"	1581	0.0792068	0
40	"PB2"	1832	0.0386359	0
40	"PA"	456	0.01927955	0
40	"HA"	237	0	0.008347575
40	"M"	869	0	0.00588957
40	"PB2"	1239	0	0.315886
40	"PB2"	1350	0	0.008016045
40	"PB2"	2012	0	0.01647955
40	"PB2"	576	0	0.0083458
41	"HA"	280	0.0582409	0
41	"PA"	1122	0.03389175	0
41	"PA"	1626	0.09465985	0
41	"PB2"	1710	0.01113345	0
41	"PA"	397	0.00842218	0
41	"PA"	535	0.04484265	0
41	"HA"	722	0	0.007885705
41	"NP"	996	0	0.01478135
41	"PB1"	1402	0	0.0125053
42	"HA"	1338	0.0570057	0
42	"HA"	433	0.009435625	0
42	"HA"	713	0.013604975	0
42	"HA"	765	0.06173105	0
42	"NS"	65	0.349539	1
42	"NS"	658	0.0225812	0
42	"PA"	1503	0.0116899	0
42	"PB1"	1439	0.050055	0
42	"PB2"	1926	0.0417093	0
42	"PA"	255	0.04365795	0
42	"NP"	152	0	0.02460884
42	"PB1"	1933	0	0.115266
42	"PB2"	2180	0	0.06046705
43	"HA"	1338	0.0570057	0
43	"HA"	433	0.009435625	0
43	"HA"	713	0.013604975	0
43	"HA"	765	0.06173105	0
43	"NS"	65	0.349539	1
43	"NS"	658	0.0225812	0
43	"PA"	1503	0.0116899	0
43	"PB1"	1439	0.050055	0
43	"PB2"	1926	0.0417093	0
43	"PA"	255	0.04365795	0
43	"HA"	787	0	0.01657565
43	"PB2"	1137	0	0.007870005
43	"PB2"	2122	0	0.08976635
43	"PB2"	615	0	0.014184
43	"PB2"	906	0	0.0668741
43	"PA"	282	0	0.02575885
44	"PB1"	1196	0.06044505	0
44	"PB2"	38	1	0.3446585
45	"PA"	1877	0.1480215	0
45	"PB1"	623	0.027475	0
45	"PB2"	313	0.0445432	0
45	"HA"	1296	0	0.06334125
45	"HA"	335	0	0.0286077
45	"HA"	474	0	0.0345762
45	"NP"	1380	0	0.01167404
45	"PB1"	201	0	0.010831485
46	"NP"	847	0.008273755	0
46	"NS"	273	0.011345605	0
46	"PB1"	1553	0.06336745	0
46	"PB2"	1729	0.00749344	0
46	"PA"	398	0.1302245	0
46	NA	NA	NA	NA
47	"NP"	1305	0.04701645	0
47	"PA"	1934	0.018050915	0
47	"PA"	2015	0.013047765	0
47	"PB1"	513	0.014133	0
47	"PB1"	933	0.005656355	0
47	"NS"	54	0	0.3158965
48	"PA"	1341	0.0174934	0.7783425
48	"PB2"	1212	0.02056975	0.534258
48	"PB1"	1783	0	0.02949585
48	"PB1"	1819	0	0.08139435
48	"PB2"	1449	0	0.01492095
48	"PB2"	990	0	0.022135435
49	"HA"	686	0.0266347	0
49	"HA"	745	0.02997805	0
49	"HA"	758	0.02821475	0
49	"HA"	773	0.02945035	0
49	"HA"	800	0.0318994	0
49	"HA"	848	0.0283448	0
49	"HA"	870	0.0296851	0
49	"HA"	879	0.0301684	0
49	"NP"	160	0.05143185	0
49	"NP"	235	0.0222183	0
49	"NP"	924	0.0812181	0
49	"NS"	82	0.00744319	0
49	"PB1"	1157	0.0390472	0
49	"PB2"	1818	0.00827695	0
49	"PB2"	199	0.014131	0
49	"PB2"	2142	0.0134492	0
49	"PA"	228	0.01887295	0
49	"PA"	229	0.0195511	0
49	"PA"	231	0.0193123	0
49	"M"	933	0	0.010353485
49	"NS"	617	0	0.01150313
49	"PA"	2096	0	0.0174408
49	"PB2"	1062	1	0.336401
49	"PA"	372	0	0.0445001
50	"M"	933	0.010353485	0
50	"NS"	617	0.01150313	0
50	"PA"	2096	0.0174408	0
50	"PB2"	1062	0.336401	1
50	"PA"	372	0.0445001	0
50	"HA"	686	0	0.0266347
50	"HA"	745	0	0.02997805
50	"HA"	758	0	0.02821475
50	"HA"	773	0	0.02945035
50	"HA"	800	0	0.0318994
50	"HA"	848	0	0.0283448
50	"HA"	870	0	0.0296851
50	"HA"	879	0	0.0301684
50	"NP"	160	0	0.05143185
50	"NP"	235	0	0.0222183
50	"NP"	924	0	0.0812181
50	"NS"	82	0	0.00744319
50	"PB1"	1157	0	0.0390472
50	"PB2"	1818	0	0.00827695
50	"PB2"	199	0	0.014131
50	"PB2"	2142	0	0.0134492
50	"PA"	228	0	0.01887295
50	"PA"	229	0	0.0195511
50	"PA"	231	0	0.0193123
51	"HA"	686	0.0266347	0
51	"HA"	745	0.02997805	0
51	"HA"	758	0.02821475	0
51	"HA"	773	0.02945035	0
51	"HA"	800	0.0318994	0
51	"HA"	848	0.0283448	0
51	"HA"	870	0.0296851	0
51	"HA"	879	0.0301684	0
51	"NP"	160	0.05143185	0
51	"NP"	235	0.0222183	0
51	"NP"	924	0.0812181	0
51	"NS"	82	0.00744319	0
51	"PB1"	1157	0.0390472	0
51	"PB2"	1818	0.00827695	0
51	"PB2"	199	0.014131	0
51	"PB2"	2142	0.0134492	0
51	"PA"	228	0.01887295	0
51	"PA"	229	0.0195511	0
51	"PA"	231	0.0193123	0
51	"HA"	1080	0	0.0150406
51	"NP"	1030	0	0.0491617
51	"PA"	1394	0	0.008036775
51	"PA"	2002	0	0.080698
51	"PA"	2006	0	0.077124
51	"PB1"	1840	0	0.0171152
51	"PB2"	2019	0	0.00580793
51	"PB2"	215	0	0.00516911
52	"M"	933	0.010353485	0
52	"NS"	617	0.01150313	0
52	"PA"	2096	0.0174408	0
52	"PB2"	1062	0.336401	1
52	"PA"	372	0.0445001	0
52	"HA"	1080	0	0.0150406
52	"NP"	1030	0	0.0491617
52	"PA"	1394	0	0.008036775
52	"PA"	2002	0	0.080698
52	"PA"	2006	0	0.077124
52	"PB1"	1840	0	0.0171152
52	"PB2"	2019	0	0.00580793
52	"PB2"	215	0	0.00516911
53	NA	NA	NA	NA
53	"PA"	782	0	0.06741775
54	"HA"	1205	0.00703149	0
54	"HA"	365	0.006048605	0
54	"NS"	628	0.02161735	0
54	"PB1"	1925	0.02448535	0
54	"PB2"	1051	0.015926435	0
54	"PB2"	122	0.0328263	0
54	"PB2"	1308	0.0879713	0
54	"PB2"	1564	0.007344945	0
54	"PB2"	67	0.009567345	0
54	"PB2"	682	0.01013918	0
54	"PB2"	871	0.02456415	0
54	"PB2"	872	0.02380895	0
54	"HA"	1468	0	0.02172855
54	"PB1"	1767	0	0.01564245
54	"PB1"	544	0	0.03004965
54	"PB1"	616	0	0.04182855
54	"PA"	663	0	0.007601985
55	"HA"	688	0.01411185	0
55	"HA"	875	0.00779658	0
55	"NP"	1130	0.00759131	0
55	"NP"	1332	0.0315072	0
55	"NP"	903	0.2467485	0
55	"PB1"	2241	0.0150223	0
55	"PB1"	443	0.01585805	0
55	"PB2"	1763	0.1739355	0
55	"PB2"	2218	0.145642	0
55	"PB2"	247	0.00866208	0
55	"PB1"	358	0.0447209	0
55	"NP"	1053	0	0.008781395
55	"NP"	318	0	0.00819103
55	"PA"	1311	0	0.0241745
55	"PB1"	918	0	0.01104415
55	"PB2"	1698	0	0.00742815
56	"NP"	1053	0.008781395	0
56	"NP"	318	0.00819103	0
56	"PA"	1311	0.0241745	0
56	"PB1"	918	0.01104415	0
56	"PB2"	1698	0.00742815	0
56	"HA"	688	0	0.01411185
56	"HA"	875	0	0.00779658
56	"NP"	1130	0	0.00759131
56	"NP"	1332	0	0.0315072
56	"NP"	903	0	0.2467485
56	"PB1"	2241	0	0.0150223
56	"PB1"	443	0	0.01585805
56	"PB2"	1763	0	0.1739355
56	"PB2"	2218	0	0.145642
56	"PB2"	247	0	0.00866208
56	"PB1"	358	0	0.0447209
57	"HA"	1696	0.0183193	0
57	"HA"	209	0.01019595	0
57	"HA"	682	0.00886205	0
57	"PA"	1638	0.02259235	0
57	"PB2"	1923	0.005506175	0
57	"PB2"	24	0.0915701	0
57	"HA"	35	0	0.3303375
58	"NP"	1199	0.00620819	0
58	"NS"	192	0.0179123	0
58	"NS"	535	0.02411535	0
58	"PB1"	1550	0.03440875	0
58	"PB1"	282	0.043048	0
58	"HA"	1203	0	0.0414512
58	"HA"	1258	0	0.02574665
58	"HA"	438	0	0.02505565
58	"M"	869	0	0.00598331
58	"PA"	1055	0	0.0466014
58	"PA"	1449	0	0.03349865
58	"PB1"	1923	0	0.374013
58	"PA"	35	0	0.0533676
59	"HA"	1552	0.144498	0
59	"HA"	234	0.151202	0
59	"NP"	397	0.08072615	0
59	"PA"	2053	0.01200765	0
59	"PB2"	2061	0.04763915	0
59	"PA"	191	0.127675	0
59	"M"	822	0	0.03755435
59	"NP"	62	0	0.0450296
59	"PB2"	2023	0	0.0153479
60	NA	NA	NA	NA
60	"PB2"	1629	0	0.109922
61	NA	NA	NA	NA
61	"PB1"	1863	1	0.399079
62	"HA"	1230	0.04424915	0
62	"M"	735	0.008595835	0
62	"M"	900	0.0218354	0
62	"NS"	536	0.012163865	0
62	"PB2"	1281	0.0647776	0
62	"PB2"	1926	0.02862015	0
62	"PB2"	2210	0.006195865	0
62	"PB1"	678	0	0.00566501
62	"PA"	705	0	0.009273535
